2817.00,2425
2816.00,2430
2817.00,2435
2815.00,2440
2816.00,2445
2815.00,2450
2817.00,2455
2817.00,2460
2801.00,2465
2832.00,2470
2834.00,2475
2837.00,2480
2828.00,2485
2832.00,2490
2941.00,2495
2796.00,2500
2862.00,2505
2814.00,2510
2797.00,2515
2793.00,2520
2815.00,2525
2812.00,2530
2815.00,2535
2814.00,2540
2809.00,2545
2814.00,2550
2806.00,2555
2806.00,2560
2807.00,2565
2809.00,2570
2811.00,2575
2813.00,2580
2811.00,2585
2839.00,2590
2835.00,2595
2842.00,2600
2835.00,2605
2835.00,2610
2870.00,2615
2794.00,2620
2818.00,2625
2807.00,2630
2796.00,2635
2815.00,2640
2803.00,2645
2825.00,2650
2835.00,2655
2827.00,2660
2789.00,2665
2815.00,2670
2814.00,2675
2815.00,2680
2816.00,2685
2817.00,2690
2815.00,2695
2823.00,2700
2817.00,2705
2815.00,2710
2811.00,2715
2805.00,2720
2811.00,2725
2813.00,2730
2807.00,2735
2803.00,2740
2807.00,2745
2811.00,2750
2815.00,2755
2816.00,2760
2815.00,2765
2812.00,2770
2816.00,2775
2815.00,2780
2816.00,2785
2801.00,2790
2815.00,2795
2806.00,2800
2812.00,2805
2813.00,2810
2803.00,2815
2810.00,2820
2813.00,2825
2817.00,2830
2817.00,2835
2815.00,2840
2686.00,2845
2806.00,2850
2810.00,2855
2816.00,2860
2815.00,2865
2810.00,2870
2815.00,2875
2816.00,2880
2816.00,2885
2818.00,2890
2809.00,2895
2811.00,2900
2810.00,2905
2803.00,2910
2814.00,2915
2816.00,2920
2819.00,2925
2823.00,2930
2812.00,2935
2843.00,2940
2831.00,2945
2815.00,2950
2806.00,2955
2823.00,2960
2820.00,2965
2818.00,2970
2806.00,2975
2811.00,2980
2794.00,2985
2811.00,2990
2815.00,2995
2800.00,3000
2831.00,3005
2828.00,3010
2820.00,3015
2802.00,3020
2822.00,3025
2815.00,3030
2814.00,3035
2816.00,3040
2807.00,3045
2820.00,3050
2811.00,3055
2815.00,3060
2809.00,3065
2811.00,3070
2807.00,3075
2810.00,3080
2804.00,3085
2809.00,3090
2811.00,3095
2822.00,3100
2814.00,3105
2805.00,3110
2828.00,3115
2815.00,3120
2818.00,3125
2814.00,3130
2819.00,3135
2819.00,3140
2817.00,3145
2817.00,3150
2822.00,3155
2821.00,3160
2815.00,3165
2806.00,3170
2819.00,3175
2821.00,3180
2800.00,3185
2817.00,3190
2835.00,3195
2816.00,3200
2831.00,3205
2832.00,3210
2829.00,3215
2830.00,3220
2837.00,3225
2803.00,3230
2819.00,3235
2813.00,3240
2807.00,3245
2810.00,3250
2810.00,3255
2807.00,3260
2810.00,3265
2814.00,3270
2813.00,3275
2809.00,3280
2805.00,3285
2817.00,3290
2821.00,3295
2819.00,3300
2830.00,3305
2827.00,3310
2830.00,3315
2832.00,3320
2828.00,3325
2835.00,3330
2835.00,3335
2842.00,3340
2839.00,3345
2809.00,3350
2800.00,3355
2837.00,3360
2823.00,3365
2838.00,3370
2832.00,3375
2832.00,3380
2815.00,3385
2842.00,3390
2947.00,3395
2843.00,3400
2805.00,3405
2803.00,3410
2909.00,3415
2805.00,3420
2817.00,3425
2822.00,3430
2805.00,3435
2802.00,3440
2811.00,3445
2814.00,3450
2814.00,3455
2806.00,3460
2811.00,3465
2800.00,3470
2816.00,3475
2811.00,3480
2829.00,3485
2829.00,3490
2806.00,3495
2775.00,3500
2846.00,3505
2810.00,3510
2781.00,3515
2819.00,3520
2820.00,3525
2794.00,3530
2825.00,3535
2791.00,3540
2847.00,3545
2843.00,3550
2791.00,3555
2816.00,3560
2806.00,3565
2815.00,3570
2813.00,3575
2780.00,3580
2817.00,3585
2811.00,3590
2811.00,3595
2818.00,3600
2815.00,3605
2807.00,3610
2803.00,3615
2806.00,3620
2810.00,3625
2800.00,3630
2813.00,3635
2806.00,3640
2812.00,3645
2810.00,3650
2814.00,3655
2813.00,3660
2809.00,3665
2809.00,3670
2814.00,3675
2765.00,3680
2817.00,3685
2787.00,3690
2818.00,3695
2814.00,3700
2809.00,3705
2813.00,3710
2817.00,3715
2809.00,3720
2815.00,3725
2815.00,3730
2811.00,3735
2818.00,3740
2811.00,3745
2818.00,3750
2815.00,3755
2814.00,3760
2814.00,3765
2816.00,3770
2814.00,3775
2816.00,3780
2805.00,3785
2813.00,3790
2818.00,3795
2815.00,3800
2811.00,3805
2822.00,3810
2815.00,3815
2809.00,3820
2811.00,3825
2817.00,3830
2820.00,3835
2825.00,3840
2816.00,3845
2819.00,3850
2821.00,3855
2826.00,3860
2813.00,3865
2815.00,3870
2818.00,3875
2813.00,3880
2807.00,3885
2845.00,3890
2819.00,3895
2819.00,3900
2852.00,3905
2818.00,3910
2827.00,3915
2799.00,3920
2832.00,3925
2816.00,3930
2807.00,3935
2801.00,3940
2817.00,3945
2814.00,3950
2813.00,3955
2815.00,3960
2816.00,3965
2819.00,3970
2815.00,3975
2803.00,3980
2814.00,3985
2815.00,3990
2817.00,3995
2817.00,4000
2821.00,4005
2821.00,4010
2818.00,4015
2818.00,4020
2825.00,4025
2819.00,4030
2819.00,4035
2826.00,4040
2823.00,4045
2823.00,4050
2798.00,4055
2822.00,4060
2817.00,4065
2806.00,4070
2822.00,4075
2828.00,4080
2826.00,4085
2804.00,4090
2827.00,4095
2869.00,4100
2841.00,4105
2832.00,4110
2827.00,4115
2818.00,4120
2815.00,4125
2813.00,4130
2814.00,4135
2809.00,4140
2809.00,4145
2807.00,4150
2813.00,4155
2810.00,4160
2811.00,4165
2809.00,4170
2808.00,4175
2811.00,4180
2821.00,4185
2828.00,4190
2818.00,4195
2829.00,4200
2823.00,4205
2822.00,4210
2835.00,4215
2839.00,4220
2831.00,4225
2848.00,4230
2819.00,4235
2826.00,4240
2829.00,4245
2832.00,4250
2828.00,4255
2833.00,4260
2832.00,4265
2837.00,4270
2835.00,4275
2894.00,4280
2835.00,4285
2842.00,4290
2781.00,4295
2795.00,4300
2815.00,4305
2813.00,4310
2814.00,4315
2815.00,4320
2801.00,4325
2815.00,4330
2801.00,4335
2805.00,4340
2805.00,4345
2804.00,4350
2810.00,4355
2805.00,4360
2805.00,4365
2803.00,4370
2843.00,4375
2834.00,4380
2843.00,4385
2818.00,4390
2811.00,4395
2896.00,4400
2831.00,4405
2821.00,4410
2786.00,4415
2812.00,4420
2815.00,4425
2815.00,4430
2815.00,4435
2781.00,4440
2790.00,4445
2802.00,4450
2817.00,4455
2811.00,4460
2818.00,4465
2827.00,4470
2813.00,4475
2816.00,4480
2816.00,4485
2816.00,4490
2813.00,4495
2814.00,4500
2805.00,4505
2807.00,4510
2802.00,4515
2815.00,4520
2816.00,4525
2807.00,4530
2806.00,4535
2815.00,4540
2812.00,4545
2810.00,4550
2820.00,4555
2819.00,4560
2815.00,4565
2814.00,4570
2829.00,4575
2832.00,4580
2820.00,4585
2838.00,4590
2816.00,4595
2819.00,4600
2822.00,4605
2815.00,4610
2831.00,4615
2822.00,4620
2813.00,4625
2823.00,4630
2817.00,4635
2817.00,4640
2816.00,4645
2809.00,4650
2810.00,4655
2822.00,4660
2817.00,4665
2813.00,4670
2803.00,4675
2811.00,4680
2817.00,4685
2807.00,4690
2817.00,4695
2816.00,4700
2807.00,4705
2815.00,4710
2821.00,4715
2816.00,4720
2811.00,4725
2816.00,4730
2820.00,4735
2823.00,4740
2819.00,4745
2815.00,4750
2820.00,4755
2812.00,4760
2818.00,4765
2815.00,4770
2825.00,4775
2801.00,4780
2809.00,4785
2797.00,4790
2839.00,4795
2795.00,4800
2825.00,4805
2845.00,4810
2795.00,4815
2816.00,4820
2813.00,4825
2818.00,4830
2821.00,4835
2807.00,4840
2805.00,4845
2809.00,4850
2807.00,4855
2811.00,4860
2814.00,4865
2817.00,4870
2820.00,4875
2810.00,4880
2815.00,4885
2821.00,4890
2816.00,4895
2815.00,4900
2818.00,4905
2819.00,4910
2822.00,4915
2819.00,4920
2821.00,4925
2830.00,4930
2822.00,4935
2823.00,4940
2837.00,4945
2813.00,4950
2800.00,4955
2818.00,4960
2800.00,4965
2815.00,4970
2815.00,4975
2807.00,4980
2802.00,4985
2818.00,4990
2842.00,4995
2831.00,5000
2832.00,5005
2894.00,5010
2819.00,5015
2811.00,5020
2810.00,5025
2807.00,5030
2807.00,5035
2815.00,5040
2814.00,5045
2811.00,5050
2807.00,5055
2815.00,5060
2815.00,5065
2816.00,5070
2798.00,5075
2830.00,5080
2830.00,5085
2821.00,5090
2821.00,5095
2831.00,5100
2833.00,5105
2832.00,5110
2850.00,5115
2785.00,5120
2807.00,5125
2795.00,5130
2723.00,5135
2815.00,5140
2832.00,5145
2862.00,5150
2843.00,5155
2858.00,5160
2835.00,5165
2842.00,5170
2781.00,5175
2781.00,5180
2809.00,5185
2807.00,5190
2718.00,5195
2811.00,5200
2807.00,5205
2809.00,5210
2813.00,5215
2807.00,5220
2805.00,5225
2800.00,5230
2811.00,5235
2806.00,5240
2807.00,5245
2800.00,5250
2812.00,5255
2810.00,5260
2812.00,5265
2843.00,5270
2854.00,5275
2802.00,5280
2783.00,5285
2789.00,5290
2814.00,5295
2821.00,5300
2826.00,5305
2819.00,5310
2819.00,5315
2818.00,5320
2816.00,5325
2821.00,5330
2783.00,5335
2790.00,5340
2803.00,5345
2816.00,5350
2811.00,5355
2815.00,5360
2813.00,5365
2815.00,5370
2815.00,5375
2810.00,5380
2815.00,5385
2815.00,5390
2812.00,5395
2809.00,5400
2805.00,5405
2807.00,5410
2808.00,5415
2814.00,5420
2815.00,5425
2817.00,5430
2814.00,5435
2810.00,5440
2818.00,5445
2816.00,5450
2815.00,5455
2819.00,5460
2823.00,5465
2818.00,5470
2815.00,5475
2848.00,5480
2816.00,5485
2811.00,5490
2817.00,5495
2815.00,5500
2821.00,5505
2823.00,5510
2847.00,5515
2791.00,5520
2816.00,5525
2822.00,5530
2810.00,5535
2811.00,5540
2815.00,5545
2816.00,5550
2810.00,5555
2810.00,5560
2816.00,5565
2807.00,5570
2809.00,5575
2817.00,5580
2818.00,5585
2815.00,5590
2816.00,5595
2805.00,5600
2818.00,5605
2817.00,5610
2827.00,5615
2810.00,5620
2823.00,5625
2816.00,5630
2817.00,5635
2813.00,5640
2823.00,5645
2822.00,5650
2818.00,5655
2811.00,5660
2827.00,5665
2850.00,5670
2830.00,5675
2817.00,5680
2822.00,5685
2814.00,5690
2822.00,5695
2846.00,5700
2818.00,5705
2817.00,5710
2815.00,5715
2812.00,5720
2803.00,5725
2809.00,5730
2815.00,5735
2811.00,5740
2813.00,5745
2808.00,5750
2814.00,5755
2812.00,5760
2813.00,5765
2800.00,5770
2807.00,5775
2813.00,5780
2818.00,5785
2814.00,5790
2823.00,5795
2816.00,5800
2816.00,5805
2827.00,5810
2827.00,5815
2828.00,5820
2832.00,5825
2832.00,5830
2829.00,5835
2842.00,5840
2832.00,5845
2807.00,5850
2864.00,5855
2861.00,5860
2817.00,5865
2817.00,5870
2830.00,5875
2833.00,5880
2833.00,5885
2842.00,5890
2832.00,5895
2832.00,5900
2845.00,5905
2813.00,5910
2811.00,5915
2810.00,5920
2802.00,5925
2818.00,5930
2804.00,5935
2815.00,5940
2812.00,5945
2812.00,5950
2806.00,5955
2807.00,5960
2800.00,5965
2822.00,5970
2825.00,5975
2832.00,5980
2827.00,5985
2822.00,5990
2835.00,5995
2791.00,6000
2838.00,6005
2747.00,6010
2779.00,6015
2749.00,6020
2781.00,6025
2798.00,6030
2831.00,6035
2829.00,6040
2832.00,6045
2832.00,6050
2853.00,6055
2851.00,6060
2835.00,6065
2709.00,6070
2818.00,6075
2809.00,6080
2815.00,6085
2815.00,6090
2816.00,6095
2811.00,6100
2807.00,6105
2809.00,6110
2804.00,6115
2809.00,6120
2806.00,6125
2811.00,6130
2813.00,6135
2804.00,6140
2813.00,6145
2809.00,6150
2815.00,6155
2813.00,6160
2804.00,6165
2902.00,6170
2805.00,6175
2816.00,6180
2819.00,6185
2817.00,6190
2815.00,6195
2816.00,6200
2803.00,6205
2789.00,6210
2810.00,6215
2819.00,6220
2800.00,6225
2810.00,6230
2810.00,6235
2812.00,6240
2807.00,6245
2814.00,6250
2809.00,6255
2819.00,6260
2800.00,6265
2811.00,6270
2816.00,6275
2818.00,6280
2810.00,6285
2807.00,6290
2813.00,6295
2817.00,6300
2813.00,6305
2803.00,6310
2815.00,6315
2816.00,6320
2811.00,6325
2807.00,6330
2810.00,6335
2816.00,6340
2815.00,6345
2817.00,6350
2818.00,6355
2815.00,6360
2811.00,6365
2814.00,6370
2813.00,6375
2818.00,6380
2815.00,6385
2809.00,6390
2817.00,6395
2815.00,6400
2819.00,6405
2790.00,6410
2814.00,6415
2814.00,6420
2817.00,6425
2821.00,6430
2817.00,6435
2814.00,6440
2809.00,6445
2814.00,6450
2815.00,6455
2805.00,6460
2813.00,6465
2816.00,6470
2803.00,6475
2823.00,6480
2826.00,6485
2817.00,6490
2813.00,6495
2823.00,6500
2813.00,6505
2823.00,6510
2825.00,6515
2819.00,6520
2818.00,6525
2826.00,6530
2823.00,6535
2822.00,6540
2822.00,6545
2807.00,6550
2817.00,6555
2812.00,6560
2816.00,6565
2800.00,6570
2812.00,6575
2811.00,6580
2801.00,6585
2827.00,6590
2807.00,6595
2822.00,6600
2849.00,6605
2815.00,6610
2817.00,6615
2817.00,6620
2815.00,6625
2807.00,6630
2805.00,6635
2811.00,6640
2815.00,6645
2815.00,6650
2818.00,6655
2812.00,6660
2819.00,6665
2816.00,6670
2819.00,6675
2822.00,6680
2823.00,6685
2827.00,6690
2815.00,6695
2821.00,6700
2831.00,6705
2822.00,6710
2819.00,6715
2829.00,6720
2837.00,6725
2833.00,6730
2821.00,6735
2829.00,6740
2805.00,6745
2830.00,6750
2821.00,6755
2800.00,6760
2832.00,6765
2819.00,6770
2831.00,6775
2847.00,6780
2835.00,6785
2832.00,6790
2945.00,6795
2815.00,6800
2817.00,6805
2810.00,6810
2817.00,6815
2816.00,6820
2814.00,6825
2811.00,6830
2815.00,6835
2815.00,6840
2815.00,6845
2813.00,6850
2816.00,6855
2816.00,6860
2826.00,6865
2821.00,6870
2828.00,6875
2836.00,6880
2847.00,6885
2843.00,6890
2833.00,6895
2847.00,6900
2898.00,6905
2801.00,6910
2799.00,6915
2838.00,6920
2816.00,6925
2831.00,6930
2859.00,6935
2833.00,6940
2834.00,6945
2815.00,6950
2800.00,6955
2742.00,6960
2781.00,6965
2819.00,6970
2819.00,6975
2815.00,6980
2807.00,6985
2813.00,6990
2810.00,6995
2810.00,7000
2811.00,7005
2813.00,7010
2810.00,7015
2814.00,7020
2805.00,7025
2818.00,7030
2803.00,7035
2815.00,7040
2811.00,7045
2815.00,7050
2801.00,7055
2810.00,7060
2759.00,7065
2815.00,7070
2853.00,7075
2830.00,7080
2814.00,7085
2818.00,7090
2818.00,7095
2813.00,7100
2797.00,7105
2822.00,7110
2814.00,7115
2815.00,7120
2726.00,7125
2827.00,7130
2811.00,7135
2813.00,7140
2825.00,7145
2814.00,7150
2816.00,7155
2806.00,7160
2815.00,7165
2818.00,7170
2814.00,7175
2808.00,7180
2822.00,7185
2811.00,7190
2823.00,7195
2815.00,7200
2815.00,7205
2816.00,7210
2811.00,7215
2804.00,7220
2827.00,7225
2821.00,7230
2816.00,7235
2820.00,7240
2823.00,7245
2814.00,7250
2795.00,7255
2832.00,7260
2811.00,7265
2809.00,7270
2813.00,7275
2819.00,7280
2822.00,7285
2818.00,7290
2811.00,7295
2823.00,7300
2822.00,7305
2807.00,7310
2815.00,7315
2810.00,7320
2815.00,7325
2805.00,7330
2819.00,7335
2814.00,7340
2810.00,7345
2816.00,7350
2819.00,7355
2815.00,7360
2811.00,7365
2810.00,7370
2817.00,7375
2829.00,7380
2815.00,7385
2815.00,7390
2818.00,7395
2819.00,7400
2818.00,7405
2820.00,7410
2826.00,7415
2827.00,7420
2820.00,7425
2817.00,7430
2823.00,7435
2847.00,7440
2817.00,7445
2830.00,7450
2822.00,7455
2811.00,7460
2815.00,7465
2832.00,7470
2803.00,7475
2834.00,7480
2816.00,7485
2832.00,7490
2800.00,7495
2833.00,7500
2811.00,7505
2819.00,7510
2813.00,7515
2814.00,7520
2816.00,7525
2806.00,7530
2813.00,7535
2810.00,7540
2810.00,7545
2814.00,7550
2818.00,7555
2812.00,7560
2811.00,7565
2821.00,7570
2818.00,7575
2815.00,7580
2823.00,7585
2821.00,7590
2824.00,7595
2821.00,7600
2827.00,7605
2819.00,7610
2832.00,7615
2827.00,7620
2839.00,7625
2803.00,7630
2863.00,7635
2820.00,7640
2802.00,7645
2835.00,7650
2803.00,7655
2838.00,7660
2849.00,7665
2845.00,7670
2839.00,7675
2835.00,7680
2925.00,7685
2784.00,7690
2806.00,7695
2815.00,7700
2809.00,7705
2814.00,7710
2809.00,7715
2811.00,7720
2809.00,7725
2807.00,7730
2810.00,7735
2807.00,7740
2813.00,7745
2814.00,7750
2803.00,7755
2828.00,7760
2829.00,7765
2833.00,7770
2846.00,7775
2841.00,7780
2752.00,7785
2857.00,7790
2867.00,7795
2871.00,7800
2787.00,7805
2799.00,7810
2782.00,7815
2814.00,7820
2836.00,7825
2839.00,7830
2905.00,7835
2843.00,7840
2911.00,7845
2765.00,7850
2807.00,7855
2794.00,7860
2814.00,7865
2817.00,7870
2814.00,7875
2820.00,7880
2812.00,7885
2810.00,7890
2807.00,7895
2869.00,7900
2805.00,7905
2810.00,7910
2803.00,7915
2807.00,7920
2815.00,7925
2803.00,7930
2813.00,7935
2817.00,7940
2811.00,7945
2836.00,7950
2773.00,7955
2766.00,7960
2810.00,7965
2829.00,7970
2786.00,7975
2811.00,7980
2815.00,7985
2816.00,7990
2817.00,7995
2809.00,8000
2810.00,8005
2809.00,8010
2815.00,8015
2811.00,8020
2810.00,8025
2817.00,8030
2816.00,8035
2812.00,8040
2805.00,8045
2814.00,8050
2803.00,8055
2813.00,8060
2809.00,8065
2815.00,8070
2818.00,8075
2813.00,8080
2815.00,8085
2814.00,8090
2811.00,8095
2820.00,8100
2810.00,8105
2821.00,8110
2816.00,8115
2813.00,8120
2815.00,8125
2826.00,8130
2819.00,8135
2814.00,8140
2811.00,8145
2816.00,8150
2811.00,8155
2814.00,8160
2815.00,8165
2817.00,8170
2813.00,8175
2817.00,8180
2793.00,8185
2803.00,8190
2831.00,8195
2800.00,8200
2819.00,8205
2815.00,8210
2816.00,8215
2817.00,8220
2815.00,8225
2813.00,8230
2807.00,8235
2803.00,8240
2815.00,8245
2817.00,8250
2815.00,8255
2815.00,8260
2814.00,8265
2816.00,8270
2811.00,8275
2818.00,8280
2810.00,8285
2815.00,8290
2819.00,8295
2819.00,8300
2817.00,8305
2821.00,8310
2815.00,8315
2817.00,8320
2826.00,8325
2825.00,8330
2815.00,8335
2820.00,8340
2822.00,8345
2809.00,8350
2815.00,8355
2835.00,8360
2827.00,8365
2800.00,8370
2835.00,8375
2830.00,8380
2830.00,8385
2829.00,8390
2819.00,8395
2819.00,8400
2811.00,8405
2815.00,8410
2817.00,8415
2815.00,8420
2810.00,8425
2801.00,8430
2818.00,8435
2810.00,8440
2810.00,8445
2804.00,8450
2815.00,8455
2816.00,8460
2821.00,8465
2818.00,8470
2818.00,8475
2825.00,8480
2823.00,8485
2822.00,8490
2830.00,8495
2824.00,8500
2832.00,8505
2832.00,8510
2840.00,8515
2850.00,8520
2827.00,8525
2817.00,8530
2832.00,8535
2805.00,8540
2830.00,8545
2832.00,8550
2832.00,8555
2830.00,8560
2803.00,8565
2860.00,8570
2795.00,8575
2840.00,8580
2810.00,8585
2815.00,8590
2811.00,8595
2811.00,8600
2807.00,8605
2803.00,8610
2813.00,8615
2813.00,8620
2806.00,8625
2814.00,8630
2810.00,8635
2807.00,8640
2806.00,8645
2842.00,8650
2832.00,8655
2825.00,8660
2837.00,8665
2837.00,8670
2803.00,8675
2832.00,8680
2843.00,8685
2807.00,8690
2797.00,8695
2793.00,8700
2815.00,8705
2815.00,8710
2828.00,8715
2837.00,8720
2849.00,8725
2848.00,8730
2845.00,8735
2810.00,8740
2816.00,8745
2815.00,8750
2816.00,8755
2811.00,8760
2815.00,8765
2813.00,8770
2818.00,8775
2816.00,8780
2808.00,8785
2806.00,8790
2805.00,8795
2804.00,8800
2807.00,8805
2807.00,8810
2806.00,8815
2815.00,8820
2816.00,8825
2803.00,8830
2801.00,8835
2809.00,8840
2898.00,8845
2811.00,8850
2718.00,8855
2817.00,8860
2823.00,8865
2765.00,8870
2816.00,8875
2816.00,8880
2818.00,8885
2816.00,8890
2813.00,8895
2818.00,8900
2816.00,8905
2814.00,8910
2815.00,8915
2814.00,8920
2815.00,8925
2816.00,8930
2810.00,8935
2815.00,8940
2813.00,8945
2815.00,8950
2814.00,8955
2813.00,8960
2815.00,8965
2801.00,8970
2804.00,8975
2819.00,8980
2813.00,8985
2807.00,8990
2811.00,8995
2814.00,9000
2810.00,9005
2807.00,9010
2819.00,9015
2812.00,9020
2823.00,9025
2813.00,9030
2815.00,9035
2810.00,9040
2818.00,9045
2813.00,9050
2813.00,9055
2815.00,9060
2850.00,9065
2822.00,9070
2816.00,9075
2849.00,9080
2815.00,9085
2827.00,9090
2814.00,9095
2811.00,9100
2806.00,9105
2807.00,9110
2815.00,9115
2807.00,9120
2815.00,9125
2816.00,9130
2813.00,9135
2816.00,9140
2811.00,9145
2809.00,9150
2807.00,9155
2817.00,9160
2817.00,9165
2821.00,9170
2822.00,9175
2815.00,9180
2812.00,9185
2817.00,9190
2814.00,9195
2815.00,9200
2815.00,9205
2823.00,9210
2817.00,9215
2823.00,9220
2817.00,9225
2833.00,9230
2813.00,9235
2819.00,9240
2802.00,9245
2855.00,9250
2817.00,9255
2819.00,9260
2810.00,9265
2794.00,9270
2797.00,9275
2817.00,9280
2819.00,9285
2813.00,9290
2818.00,9295
2812.00,9300
2819.00,9305
2811.00,9310
2819.00,9315
2815.00,9320
2821.00,9325
2812.00,9330
2810.00,9335
2803.00,9340
2814.00,9345
2815.00,9350
2815.00,9355
2819.00,9360
2817.00,9365
2817.00,9370
2819.00,9375
2821.00,9380
2831.00,9385
2830.00,9390
2827.00,9395
2838.00,9400
2821.00,9405
2833.00,9410
2832.00,9415
2813.00,9420
2835.00,9425
2833.00,9430
2833.00,9435
2825.00,9440
2832.00,9445
2833.00,9450
2837.00,9455
2838.00,9460
2871.00,9465
2839.00,9470
2864.00,9475
2814.00,9480
2815.00,9485
2816.00,9490
2816.00,9495
2821.00,9500
2807.00,9505
2806.00,9510
2816.00,9515
2809.00,9520
2815.00,9525
2805.00,9530
2810.00,9535
2811.00,9540
2831.00,9545
2832.00,9550
2819.00,9555
2854.00,9560
2832.00,9565
2835.00,9570
2883.00,9575
2882.00,9580
2811.00,9585
2822.00,9590
2784.00,9595
2850.00,9600
2800.00,9605
2839.00,9610
2846.00,9615
2844.00,9620
2791.00,9625
2803.00,9630
2774.00,9635
2787.00,9640
2810.00,9645
2815.00,9650
2816.00,9655
2816.00,9660
2815.00,9665
2811.00,9670
2814.00,9675
2810.00,9680
2800.00,9685
2816.00,9690
2813.00,9695
2815.00,9700
2810.00,9705
2812.00,9710
2814.00,9715
2800.00,9720
2810.00,9725
2813.00,9730
2859.00,9735
2877.00,9740
2778.00,9745
2796.00,9750
2819.00,9755
2811.00,9760
2817.00,9765
2823.00,9770
2787.00,9775
2793.00,9780
2812.00,9785
2798.00,9790
2809.00,9795
2757.00,9800
2811.00,9805
2672.00,9810
2816.00,9815
2807.00,9820
2810.00,9825
2813.00,9830
2820.00,9835
2814.00,9840
2818.00,9845
2812.00,9850
2821.00,9855
2800.00,9860
2802.00,9865
2815.00,9870
2814.00,9875
2815.00,9880
2815.00,9885
2813.00,9890
2807.00,9895
2819.00,9900
2822.00,9905
2825.00,9910
2817.00,9915
2826.00,9920
2827.00,9925
2814.00,9930
2812.00,9935
2815.00,9940
2817.00,9945
2827.00,9950
2819.00,9955
2816.00,9960
2821.00,9965
2813.00,9970
2810.00,9975
2822.00,9980
2800.00,9985
2816.00,9990
2816.00,9995
2826.00,10000
2819.00,10005
2823.00,10010
2815.00,10015
2821.00,10020
2805.00,10025
2810.00,10030
2818.00,10035
2812.00,10040
2819.00,10045
2811.00,10050
2803.00,10055
2818.00,10060
2815.00,10065
2818.00,10070
2817.00,10075
2814.00,10080
2815.00,10085
2814.00,10090
2817.00,10095
2816.00,10100
2815.00,10105
2840.00,10110
2832.00,10115
2802.00,10120
2817.00,10125
2810.00,10130
2826.00,10135
2810.00,10140
2819.00,10145
2815.00,10150
2800.00,10155
2823.00,10160
2823.00,10165
2815.00,10170
2816.00,10175
2817.00,10180
2813.00,10185
2815.00,10190
2807.00,10195
2810.00,10200
2818.00,10205
2820.00,10210
2823.00,10215
2807.00,10220
2811.00,10225
2817.00,10230
2826.00,10235
2817.00,10240
2818.00,10245
2825.00,10250
2815.00,10255
2813.00,10260
2818.00,10265
2827.00,10270
2821.00,10275
2787.00,10280
2837.00,10285
2800.00,10290
2800.00,10295
2819.00,10300
2819.00,10305
2809.00,10310
2831.00,10315
2800.00,10320
2827.00,10325
2831.00,10330
2807.00,10335
2814.00,10340
2818.00,10345
2814.00,10350
2802.00,10355
2811.00,10360
2814.00,10365
2810.00,10370
2801.00,10375
2807.00,10380
2810.00,10385
2810.00,10390
2815.00,10395
2815.00,10400
2817.00,10405
2817.00,10410
2815.00,10415
2817.00,10420
2821.00,10425
2814.00,10430
2811.00,10435
2820.00,10440
2829.00,10445
2801.00,10450
2802.00,10455
2790.00,10460
2823.00,10465
2800.00,10470
2827.00,10475
2807.00,10480
2830.00,10485
2792.00,10490
2822.00,10495
2835.00,10500
2832.00,10505
2807.00,10510
2815.00,10515
2815.00,10520
2811.00,10525
2810.00,10530
2801.00,10535
2816.00,10540
2815.00,10545
2807.00,10550
2815.00,10555
2809.00,10560
2818.00,10565
2815.00,10570
2822.00,10575
2821.00,10580
2822.00,10585
2825.00,10590
2827.00,10595
2831.00,10600
2827.00,10605
2825.00,10610
2826.00,10615
2829.00,10620
2815.00,10625
2819.00,10630
2825.00,10635
2828.00,10640
2835.00,10645
2837.00,10650
2834.00,10655
2842.00,10660
2832.00,10665
2838.00,10670
2832.00,10675
2835.00,10680
2813.00,10685
2819.00,10690
2814.00,10695
2812.00,10700
2808.00,10705
2813.00,10710
2816.00,10715
2801.00,10720
2814.00,10725
2821.00,10730
2810.00,10735
2832.00,10740
2822.00,10745
2827.00,10750
2827.00,10755
2826.00,10760
2831.00,10765
2834.00,10770
2835.00,10775
2832.00,10780
2876.00,10785
2800.00,10790
2827.00,10795
2832.00,10800
2800.00,10805
2835.00,10810
2837.00,10815
2826.00,10820
2837.00,10825
2833.00,10830
2842.00,10835
2814.00,10840
2864.00,10845
2801.00,10850
2803.00,10855
2814.00,10860
2811.00,10865
2814.00,10870
2814.00,10875
2807.00,10880
2822.00,10885
2813.00,10890
2807.00,10895
2815.00,10900
2811.00,10905
2820.00,10910
2816.00,10915
2849.00,10920
2831.00,10925
2830.00,10930
2849.00,10935
2861.00,10940
2850.00,10945
2846.00,10950
2747.00,10955
2878.00,10960
2743.00,10965
2839.00,10970
2832.00,10975
2832.00,10980
2839.00,10985
2803.00,10990
2837.00,10995
2797.00,11000
2793.00,11005
2794.00,11010
2806.00,11015
2815.00,11020
2814.00,11025
2807.00,11030
2804.00,11035
2815.00,11040
2816.00,11045
2807.00,11050
2814.00,11055
2815.00,11060
2803.00,11065
2806.00,11070
2803.00,11075
2815.00,11080
2832.00,11085
2831.00,11090
2851.00,11095
2786.00,11100
2847.00,11105
2800.00,11110
2803.00,11115
2810.00,11120
2811.00,11125
2794.00,11130
2823.00,11135
2835.00,11140
2835.00,11145
2836.00,11150
2879.00,11155
2779.00,11160
2795.00,11165
2806.00,11170
2795.00,11175
2815.00,11180
2811.00,11185
2810.00,11190
2816.00,11195
2805.00,11200
2809.00,11205
2822.00,11210
2811.00,11215
2813.00,11220
2806.00,11225
2809.00,11230
2817.00,11235
2813.00,11240
2813.00,11245
2810.00,11250
2848.00,11255
2847.00,11260
2794.00,11265
2855.00,11270
2793.00,11275
2814.00,11280
2785.00,11285
2837.00,11290
2793.00,11295
2813.00,11300
2817.00,11305
2821.00,11310
2791.00,11315
2775.00,11320
2785.00,11325
2803.00,11330
2810.00,11335
2807.00,11340
2816.00,11345
2807.00,11350
2809.00,11355
2813.00,11360
2813.00,11365
2810.00,11370
2816.00,11375
2814.00,11380
2815.00,11385
2810.00,11390
2805.00,11395
2817.00,11400
2816.00,11405
2814.00,11410
2817.00,11415
2814.00,11420
2810.00,11425
2747.00,11430
2756.00,11435
2783.00,11440
2849.00,11445
2811.00,11450
2811.00,11455
2819.00,11460
2790.00,11465
2775.00,11470
2813.00,11475
2819.00,11480
2805.00,11485
2815.00,11490
2807.00,11495
2826.00,11500
2812.00,11505
2814.00,11510
2808.00,11515
2811.00,11520
2807.00,11525
2816.00,11530
2810.00,11535
2815.00,11540
2809.00,11545
2809.00,11550
2811.00,11555
2812.00,11560
2815.00,11565
2810.00,11570
2809.00,11575
2812.00,11580
2817.00,11585
2813.00,11590
2815.00,11595
2816.00,11600
2816.00,11605
2827.00,11610
2815.00,11615
2813.00,11620
2815.00,11625
2859.00,11630
2816.00,11635
2816.00,11640
2807.00,11645
2809.00,11650
2821.00,11655
2817.00,11660
2807.00,11665
2819.00,11670
2815.00,11675
2816.00,11680
2813.00,11685
2801.00,11690
2814.00,11695
2811.00,11700
2815.00,11705
2815.00,11710
2807.00,11715
2811.00,11720
2817.00,11725
2813.00,11730
2807.00,11735
2813.00,11740
2817.00,11745
2825.00,11750
2817.00,11755
2816.00,11760
2816.00,11765
2821.00,11770
2813.00,11775
2856.00,11780
2818.00,11785
2857.00,11790
2815.00,11795
2821.00,11800
2817.00,11805
2783.00,11810
2789.00,11815
2831.00,11820
2787.00,11825
2814.00,11830
2804.00,11835
2815.00,11840
2817.00,11845
2810.00,11850
2815.00,11855
2814.00,11860
2819.00,11865
2808.00,11870
2811.00,11875
2806.00,11880
2813.00,11885
2817.00,11890
2819.00,11895
2818.00,11900
2819.00,11905
2820.00,11910
2806.00,11915
2815.00,11920
2817.00,11925
2814.00,11930
2819.00,11935
2816.00,11940
2817.00,11945
2807.00,11950
2815.00,11955
2788.00,11960
2827.00,11965
2855.00,11970
2816.00,11975
2815.00,11980
2832.00,11985
2819.00,11990
2835.00,11995
2831.00,12000
2815.00,12005
2807.00,12010
2814.00,12015
2815.00,12020
2828.00,12025
2814.00,12030
2816.00,12035
2803.00,12040
2811.00,12045
2801.00,12050
2814.00,12055
2818.00,12060
2823.00,12065
2817.00,12070
2821.00,12075
2817.00,12080
2816.00,12085
2821.00,12090
2820.00,12095
2822.00,12100
2820.00,12105
2827.00,12110
2827.00,12115
2829.00,12120
2807.00,12125
2831.00,12130
2818.00,12135
2828.00,12140
2823.00,12145
2834.00,12150
2832.00,12155
2819.00,12160
2835.00,12165
2830.00,12170
2832.00,12175
2814.00,12180
2815.00,12185
2811.00,12190
2822.00,12195
2819.00,12200
2821.00,12205
2809.00,12210
2812.00,12215
2811.00,12220
2815.00,12225
2812.00,12230
2815.00,12235
2816.00,12240
2819.00,12245
2820.00,12250
2822.00,12255
2816.00,12260
2821.00,12265
2822.00,12270
2826.00,12275
2823.00,12280
2827.00,12285
2784.00,12290
2785.00,12295
2819.00,12300
2798.00,12305
2829.00,12310
2815.00,12315
2832.00,12320
2822.00,12325
2864.00,12330
2805.00,12335
2833.00,12340
2837.00,12345
2806.00,12350
2811.00,12355
2813.00,12360
2809.00,12365
2809.00,12370
2814.00,12375
2812.00,12380
2816.00,12385
2813.00,12390
2813.00,12395
2810.00,12400
2816.00,12405
2815.00,12410
2821.00,12415
2819.00,12420
2823.00,12425
2825.00,12430
2821.00,12435
2831.00,12440
2832.00,12445
2832.00,12450
2835.00,12455
2832.00,12460
2815.00,12465
2805.00,12470
2815.00,12475
2826.00,12480
2835.00,12485
2831.00,12490
2826.00,12495
2832.00,12500
2834.00,12505
2836.00,12510
2848.00,12515
2812.00,12520
2811.00,12525
2805.00,12530
2810.00,12535
2812.00,12540
2814.00,12545
2816.00,12550
2813.00,12555
2810.00,12560
2805.00,12565
2810.00,12570
2817.00,12575
2823.00,12580
2826.00,12585
2832.00,12590
2819.00,12595
2826.00,12600
2832.00,12605
2848.00,12610
2834.00,12615
2835.00,12620
2866.00,12625
2804.00,12630
2822.00,12635
2800.00,12640
2826.00,12645
2832.00,12650
2832.00,12655
2832.00,12660
2835.00,12665
2832.00,12670
2896.00,12675
2835.00,12680
2800.00,12685
2812.00,12690
2803.00,12695
2809.00,12700
2807.00,12705
2811.00,12710
2807.00,12715
2800.00,12720
2803.00,12725
2818.00,12730
2806.00,12735
2807.00,12740
2805.00,12745
2827.00,12750
2832.00,12755
2830.00,12760
2833.00,12765
2851.00,12770
2833.00,12775
2842.00,12780
2843.00,12785
2823.00,12790
2750.00,12795
2785.00,12800
2783.00,12805
2832.00,12810
2833.00,12815
2838.00,12820
2832.00,12825
2843.00,12830
2837.00,12835
2844.00,12840
2773.00,12845
2816.00,12850
2815.00,12855
2807.00,12860
2815.00,12865
2815.00,12870
2816.00,12875
2815.00,12880
2811.00,12885
2805.00,12890
2801.00,12895
2805.00,12900
2807.00,12905
2817.00,12910
2807.00,12915
2810.00,12920
2842.00,12925
2838.00,12930
2833.00,12935
2843.00,12940
2810.00,12945
2822.00,12950
2756.00,12955
2801.00,12960
2827.00,12965
2815.00,12970
2814.00,12975
2853.00,12980
2839.00,12985
2775.00,12990
2800.00,12995
2790.00,13000
2813.00,13005
2814.00,13010
2810.00,13015
2815.00,13020
2818.00,13025
2811.00,13030
2807.00,13035
2814.00,13040
2815.00,13045
2803.00,13050
2803.00,13055
2813.00,13060
2809.00,13065
2806.00,13070
2809.00,13075
2809.00,13080
2811.00,13085
2808.00,13090
2848.00,13095
2781.00,13100
2784.00,13105
2800.00,13110
2754.00,13115
2794.00,13120
2814.00,13125
2814.00,13130
2850.00,13135
2810.00,13140
2807.00,13145
2804.00,13150
2795.00,13155
2789.00,13160
2812.00,13165
2782.00,13170
2816.00,13175
2819.00,13180
2809.00,13185
2816.00,13190
2812.00,13195
2814.00,13200
2815.00,13205
2816.00,13210
2805.00,13215
2815.00,13220
2810.00,13225
2802.00,13230
2806.00,13235
2806.00,13240
2813.00,13245
2813.00,13250
2807.00,13255
2813.00,13260
2813.00,13265
2794.00,13270
2816.00,13275
2800.00,13280
2813.00,13285
2811.00,13290
2818.00,13295
2848.00,13300
2857.00,13305
2824.00,13310
2818.00,13315
2830.00,13320
2813.00,13325
2814.00,13330
2816.00,13335
2815.00,13340
2816.00,13345
2819.00,13350
2818.00,13355
2813.00,13360
2816.00,13365
