2789,7656
2786,7661
2789,7666
2800,7671
2779,7676
2785,7681
2791,7686
2794,7691
2787,7696
2786,7701
2791,7706
2790,7711
2788,7716
2783,7721
2795,7726
2795,7731
2781,7736
2785,7741
2798,7868
2793,7873
2768,7878
2795,7883
2769,7888
2810,7893
2789,7898
2783,7903
2770,7908
2794,7913
2786,7918
2787,7923
2794,7928
2771,7933
2786,7938
2787,7943
2793,7948
2768,7953
2768,7958
2781,8085
2788,8090
2791,8095
2796,8100
2785,8105
2789,8110
2795,8115
2787,8120
2785,8125
2791,8130
2784,8135
2786,8140
2781,8145
2787,8150
2789,8155
2783,8160
2781,8165
2783,8170
2789,8175
2797,8302
2794,8307
2800,8312
2800,8317
2798,8322
2789,8327
2800,8332
2797,8337
2802,8342
2800,8347
2831,8352
2800,8357
2766,8362
2784,8367
2791,8372
2789,8377
2782,8382
2773,8387
2795,8392
2786,8519
2783,8524
2795,8529
2795,8534
2790,8539
2781,8544
2789,8549
2791,8554
2790,8559
2785,8564
2797,8569
2784,8574
2799,8579
2784,8584
2791,8589
2790,8594
2789,8599
2780,8604
2790,8609
2793,8736
2790,8741
2786,8746
2798,8751
2790,8756
2791,8761
2785,8766
2800,8771
2790,8776
2787,8781
2782,8786
2798,8791
2791,8796
2790,8801
2787,8806
2797,8811
2814,8816
2795,8821
2794,8826
2833,8953
2797,8958
2827,8963
2791,8968
2800,8973
2779,8978
2797,8983
2821,8988
2807,8993
2800,8998
2811,9003
2795,9008
2811,9013
2795,9018
2789,9023
2787,9028
2797,9033
2787,9038
2816,9165
2797,9170
2789,9175
2783,9180
2787,9185
2799,9190
2795,9195
2787,9200
2785,9205
2797,9210
2787,9215
2785,9220
2785,9225
2795,9230
2790,9235
2785,9240
2782,9245
2795,9250
2790,9255
2790,9382
2789,9387
2817,9392
2794,9397
2791,9402
2781,9407
2797,9412
2794,9417
2786,9422
2789,9427
2797,9432
2802,9437
2813,9442
2787,9447
2797,9452
2769,9457
2795,9462
2791,9467
2800,9472
2791,9599
2785,9604
2785,9609
2797,9614
2791,9619
2782,9624
2786,9629
2794,9634
2794,9639
2787,9644
2793,9649
2791,9654
2795,9659
2779,9664
2782,9669
2795,9674
2786,9679
2779,9684
2788,9689
2798,9816
2790,9821
2790,9826
2802,9831
2807,9836
2798,9841
2783,9846
2802,9851
2789,9856
2768,9861
2800,9866
2789,9871
2795,9876
2795,9881
2785,9886
2806,9891
2790,9896
2815,9901
2784,9906
2803,10033
2788,10038
2782,10043
2787,10048
2791,10053
2786,10058
2781,10063
2787,10068
2798,10073
2785,10078
2784,10083
2782,10088
2800,10093
2790,10098
2785,10103
2789,10108
2795,10235
2787,10240
2790,10245
2807,10250
2787,10255
2791,10260
2789,10265
2797,10270
2795,10275
2793,10280
2785,10285
2800,10290
2795,10295
2796,10300
2786,10305
2798,10310
2798,10315
2778,10442
2792,10447
2811,10452
2800,10457
2785,10462
2799,10467
2795,10472
2801,10477
2797,10482
2795,10487
2781,10492
2787,10497
2793,10502
2807,10507
2800,10512
2796,10517
2784,10644
2790,10649
2790,10654
2790,10659
2784,10664
2789,10669
2790,10674
2791,10679
2783,10684
2790,10689
2791,10694
2789,10699
2782,10704
2796,10709
2786,10714
2795,10719
2796,10846
2814,10851
2795,10856
2789,10861
2784,10866
2793,10871
2791,10876
2799,10881
2782,10886
2797,10891
2791,10896
2773,10901
2822,10906
2796,10911
2793,10916
2791,10921
2785,10926
2785,11053
2786,11058
2780,11063
2795,11068
2797,11073
2789,11078
2785,11083
2794,11088
2790,11093
2787,11098
2783,11103
2787,11108
2786,11113
2794,11118
2783,11123
2790,11128
2794,11255
2788,11260
2788,11265
2795,11270
2791,11275
2791,11280
2784,11285
2800,11290
2791,11295
2788,11300
2785,11305
2799,11310
2799,11315
2797,11320
2790,11325
2800,11330
2793,11457
2800,11462
2765,11467
2786,11472
2779,11477
2784,11482
2800,11487
2807,11492
2793,11497
2854,11502
2801,11507
2801,11512
2787,11517
2787,11522
2781,11527
2798,11532
2785,11659
2783,11664
2797,11669
2791,11674
2787,11679
2786,11684
2799,11689
2793,11694
2784,11699
2790,11704
2798,11709
2794,11714
2788,11719
2790,11724
2799,11729
2794,11734
2791,11739
2785,11866
2799,11871
2779,11876
2787,11881
2822,11886
2795,11891
2787,11896
2815,11901
2786,11906
2806,11911
2795,11916
2794,11921
2768,11926
2795,11931
2783,11936
2825,11941
2795,12068
2789,12073
2790,12078
2783,12083
2793,12088
2796,12093
2788,12098
2783,12103
2789,12108
2786,12113
2793,12118
2784,12123
2788,12128
2796,12133
2790,12138
2777,12143
2795,12270
2796,12275
2789,12280
2785,12285
2799,12290
2798,12295
2789,12300
2789,12305
2798,12310
2799,12315
2791,12320
2786,12325
2807,12330
2800,12335
2805,12340
2758,12345
2809,12472
2786,12477
2784,12482
2798,12487
2800,12492
2758,12497
2789,12502
2794,12507
2802,12512
2790,12517
2779,12522
2787,12527
2803,12532
2777,12537
2784,12542
2791,12547
2795,12552
2791,12679
2785,12684
2794,12689
2790,12694
2785,12699
2787,12704
2793,12709
2794,12714
2784,12719
2793,12724
2800,12729
2784,12734
2790,12739
2788,12744
2795,12749
2787,12754
2771,12881
2831,12886
2787,12891
2802,12896
2783,12901
2791,12906
2799,12911
2817,12916
2790,12921
2777,12926
2775,12931
2792,12936
2791,12941
2811,12946
2832,12951
2768,12956
2779,13083
2794,13088
2793,13093
2784,13098
2783,13103
2787,13108
2793,13113
2793,13118
2779,13123
2788,13128
2796,13133
2786,13138
2787,13143
2792,13148
2791,13153
2787,13158
2782,13163
2795,13290
2794,13295
2790,13300
2787,13305
2800,13310
2794,13315
2785,13320
2793,13325
2806,13330
2800,13335
2799,13340
2796,13345
2805,13350
2798,13355
2785,13360
2786,13365
2800,13492
2800,13497
2794,13502
2800,13507
2800,13512
2799,13517
2791,13522
2788,13527
2790,13532
2786,13537
2780,13542
2787,13547
2790,13552
2790,13557
2785,13562
2794,13567
2791,13694
2787,13699
2783,13704
2795,13709
2797,13714
2787,13719
2784,13724
2800,13729
2793,13734
2791,13739
2786,13744
2797,13749
2794,13754
2787,13759
2784,13764
2797,13769
2789,13896
2791,13901
2791,13906
2799,13911
2790,13916
2785,13921
2789,13926
2777,13931
2793,13936
2791,13941
2787,13946
2783,13951
2800,13956
2785,13961
2795,13966
2797,13971
2778,13976
2784,14103
2799,14108
2790,14113
2780,14118
2783,14123
2798,14128
2787,14133
2791,14138
2775,14143
2790,14148
2795,14153
2787,14158
2785,14163
2791,14168
2787,14173
2785,14178
2790,14305
2800,14310
2799,14315
2795,14320
2797,14325
2803,14330
2800,14335
2801,14340
2794,14345
2806,14350
2817,14355
2786,14360
2784,14365
2798,14370
2790,14375
2818,14380
2779,14507
2794,14512
2793,14517
2831,14522
2809,14527
2783,14532
2785,14537
2783,14542
2788,14547
2791,14552
2782,14557
2781,14562
2792,14567
2791,14572
2791,14577
2781,14582
2790,14587
2797,14714
2789,14719
2782,14724
2795,14729
2790,14734
2790,14739
2790,14744
2800,14749
2791,14754
2784,14759
2787,14764
2800,14769
2791,14774
2788,14779
2788,14784
2798,14789
2790,14916
2778,14921
2791,14926
2794,14931
2795,14936
2778,14941
2816,14946
2783,14951
2816,14956
2785,14961
2793,14966
2832,14971
2789,14976
2762,14981
2797,14986
2800,14991
2794,15118
2784,15123
2790,15128
2789,15133
2785,15138
2782,15143
2795,15148
2792,15153
2785,15158
2782,15163
2795,15168
2791,15173
2787,15178
2783,15183
2793,15188
2789,15193
2795,15320
2794,15325
2800,15330
2799,15335
2800,15340
2791,15345
2805,15350
2800,15355
2800,15360
2800,15365
2832,15370
2787,15375
2784,15380
2759,15385
2797,15390
2827,15395
2786,15400
2806,15527
2800,15532
2798,15537
2819,15542
2794,15547
2795,15552
2790,15557
2781,15562
2797,15567
2791,15572
2786,15577
2785,15582
2790,15587
2787,15592
2788,15597
2782,15602
2795,15729
2793,15734
2787,15739
2787,15744
2794,15749
2795,15754
2783,15759
2786,15764
2798,15769
2787,15774
2788,15779
2794,15784
2798,15789
2791,15794
2793,15799
2785,15804
2794,15931
2795,15936
2788,15941
2767,15946
2794,15951
2793,15956
2790,15961
2771,15966
2794,15971
2798,15976
2783,15981
2789,15986
2800,15991
2800,15996
2800,16001
2798,16006
2794,16133
2791,16138
2775,16143
2795,16148
2793,16153
2789,16158
2784,16163
2794,16168
2790,16173
2787,16178
2783,16183
2795,16188
2787,16193
2783,16198
2779,16203
2799,16208
2794,16213
2790,16340
2800,16345
2803,16350
2807,16355
2807,16360
2800,16365
2813,16370
2792,16375
2781,16380
2731,16385
2799,16390
2768,16395
2786,16400
2803,16405
2798,16410
2794,16415
2782,16542
2788,16547
2791,16552
2789,16557
2783,16562
2799,16567
2789,16572
2790,16577
2784,16582
2796,16587
2792,16592
2794,16597
2786,16602
2791,16607
2791,16612
2790,16617
2786,16744
2799,16749
2791,16754
2787,16759
2787,16764
2794,16769
2786,16774
2788,16779
2787,16784
2796,16789
2794,16794
2790,16799
2787,16804
2800,16809
2795,16814
2790,16819
2793,16824
2764,16951
2787,16956
2783,16961
2781,16966
2765,16971
2800,16976
2790,16981
2789,16986
2797,16991
2798,16996
2797,17001
2791,17006
2800,17011
2818,17016
2795,17021
2800,17026
2790,17153
2787,17158
2785,17163
2795,17168
2785,17173
2786,17178
2785,17183
2784,17188
2790,17193
2787,17198
2782,17203
2791,17208
2787,17213
2786,17218
2782,17223
2794,17228
2793,17355
2791,17360
2800,17365
2805,17370
2798,17375
2800,17380
2805,17385
2809,17390
2786,17395
2779,17400
2802,17405
2798,17410
2798,17415
2791,17420
2795,17425
2800,17430
2801,17557
2805,17562
2805,17567
2793,17572
2786,17577
2785,17582
2799,17587
2790,17592
2786,17597
2782,17602
2787,17607
2793,17612
2788,17617
2789,17622
2786,17627
2793,17632
2786,17637
2791,17764
2797,17769
2787,17774
2786,17779
2787,17784
2800,17789
2793,17794
2790,17799
2791,17804
2797,17809
2785,17814
2790,17819
2788,17824
2797,17829
2793,17834
2789,17839
2798,17966
2791,17971
2790,17976
2767,17981
2800,17986
2798,17991
2815,17996
2768,18001
2814,18006
2793,18011
2823,18016
2800,18021
2802,18026
2798,18031
2777,18036
2789,18041
2795,18168
2794,18173
2789,18178
2784,18183
2797,18188
2797,18193
2786,18198
2785,18203
2795,18208
2795,18213
2791,18218
2787,18223
2793,18228
2784,18233
2785,18238
2786,18243
2797,18248
2791,18375
2795,18380
2799,18385
2801,18390
2807,18395
2799,18400
2800,18405
2801,18410
2832,18415
2800,18420
2768,18425
2794,18430
2801,18435
2804,18440
2791,18445
2795,18450
2789,18578
2786,18583
2796,18588
2794,18593
2787,18598
2779,18603
2785,18608
2789,18613
2789,18618
2781,18623
2794,18628
2791,18633
2786,18638
2785,18643
2794,18648
2787,18653
2779,18781
2798,18786
2794,18791
2790,18796
2781,18801
2798,18806
2793,18811
2789,18816
2787,18821
2800,18826
2791,18831
2787,18836
2791,18841
2797,18846
2797,18851
2799,18856
2786,18861
2791,18988
2799,18993
2774,18998
2773,19003
2802,19008
2800,19013
2791,19018
2791,19023
2789,19028
2800,19033
2799,19038
2790,19043
2795,19048
2800,19053
2695,19058
2779,19063
2789,19190
2789,19195
2783,19200
2789,19205
2791,19210
2779,19215
2781,19220
2790,19225
2785,19230
2788,19235
2782,19240
2788,19245
2784,19250
2789,19255
2783,19260
2784,19265
2801,19392
2775,19397
2800,19402
2782,19407
2782,19412
2771,19417
2785,19422
2775,19427
2791,19432
2789,19437
2785,19442
2800,19447
2795,19452
2790,19457
2784,19462
2795,19467
2786,19594
2787,19599
2783,19604
2795,19609
2797,19614
2791,19619
2789,19624
2797,19629
2787,19634
2787,19639
2783,19644
2797,19649
2787,19654
2781,19659
2799,19664
2800,19669
2787,19674
2785,19801
2800,19806
2791,19811
2789,19816
2783,19821
2796,19826
2789,19831
2794,19836
2788,19841
2800,19846
2795,19851
2786,19856
2787,19861
2798,19866
2796,19871
2791,19876
2786,20003
2793,20008
2827,20013
2773,20018
2801,20023
2832,20028
2798,20033
2817,20038
2795,20043
2780,20048
2800,20053
2797,20058
2854,20063
2781,20068
2815,20073
2791,20078
2790,20205
2793,20210
2779,20215
2780,20220
2787,20225
2799,20230
2788,20235
2782,20240
2790,20245
2789,20250
2794,20255
2779,20260
2789,20265
2792,20270
2788,20275
2781,20280
2793,20285
2794,20412
2784,20417
2773,20422
2848,20427
2772,20432
2789,20437
2784,20442
2775,20447
2794,20452
2786,20457
2786,20462
2782,20467
2793,20472
2793,20477
2789,20482
2792,20487
2789,20614
2783,20619
2789,20624
2794,20629
2790,20634
2786,20639
2786,20644
2792,20649
2782,20654
2779,20659
2795,20664
2791,20669
2791,20674
2779,20679
2786,20684
2786,20689
2789,20816
2785,20821
2805,20826
2794,20831
2789,20836
2787,20841
2795,20846
2788,20851
2795,20856
2787,20861
2797,20866
2791,20871
2791,20876
2791,20881
2795,20886
2797,20891
2790,21018
2801,21023
2801,21028
2795,21033
2791,21038
2803,21043
2775,21048
2795,21053
2799,21058
2787,21063
2804,21068
2773,21073
2786,21078
2801,21083
2795,21088
2817,21093
2811,21098
2799,21225
2792,21230
2790,21235
2784,21240
2799,21245
2789,21250
2787,21255
2787,21260
2796,21265
2791,21270
2785,21275
2787,21280
2797,21285
2791,21290
2786,21295
2790,21300
2789,21427
2790,21432
2783,21437
2784,21442
2822,21447
2782,21452
2789,21457
2787,21462
2800,21467
2791,21472
2789,21477
2755,21482
2794,21487
2763,21492
2790,21497
2783,21502
2793,21629
2787,21634
2778,21639
2786,21644
2794,21649
2791,21654
2783,21659
2791,21664
2789,21669
2791,21674
2782,21679
2794,21684
2789,21689
2791,21694
2781,21699
2784,21704
2794,21709
2789,21837
2787,21842
2799,21847
2789,21852
2786,21857
2787,21862
2791,21867
2791,21872
2790,21877
2792,21882
2795,21887
2778,21892
2790,21897
2793,21902
2802,21907
2794,21912
2787,22039
2796,22044
2794,22049
2799,22054
2791,22059
2772,22064
2770,22069
2795,22074
2789,22079
2798,22084
2791,22089
2800,22094
2834,22099
2784,22104
2785,22109
2770,22114
2783,22241
2795,22246
2789,22251
2786,22256
2779,22261
2794,22266
2789,22271
2790,22276
2785,22281
2789,22286
2793,22291
2785,22296
2785,22301
2789,22306
2791,22311
2783,22316
2750,22443
2795,22448
2789,22453
2773,22458
2795,22463
2800,22468
2793,22473
2782,22478
2791,22483
2797,22488
2823,22493
2784,22498
2795,22503
2796,22508
2791,22513
2788,22518
2789,22523
2790,22650
2787,22655
2783,22660
2796,22665
2794,22670
2783,22675
2783,22680
2795,22685
2798,22690
2787,22695
2787,22700
2791,22705
2795,22710
2790,22715
2783,22720
2795,22725
2789,22852
2789,22857
2790,22862
2799,22867
2794,22872
2794,22877
2793,22882
2800,22887
2795,22892
2790,22897
2793,22902
2800,22907
2797,22912
2800,22917
2794,22922
2810,22927
2793,23054
2786,23059
2800,23064
2768,23069
2796,23074
2799,23079
2795,23084
2797,23089
2794,23094
2793,23099
2802,23104
2768,23109
2785,23114
2789,23119
2786,23124
2778,23129
2789,23134
2786,23261
2789,23266
2789,23271
2786,23276
2783,23281
2800,23286
2787,23291
2789,23296
2783,23301
2791,23306
2789,23311
2781,23316
2783,23321
2790,23326
2792,23331
2793,23336
2773,23463
2800,23468
2788,23473
2768,23478
2795,23483
2784,23488
2788,23493
2772,23498
2795,23503
2777,23508
2789,23513
2785,23518
2787,23523
2796,23528
2794,23533
2768,23538
2794,23665
2788,23670
2789,23675
2786,23680
2790,23685
2796,23690
2787,23695
2783,23700
2784,23705
2793,23710
2790,23715
2787,23720
2794,23725
2794,23730
2794,23735
2780,23740
2799,23867
2797,23872
2787,23877
2788,23882
2797,23887
2791,23892
2789,23897
2789,23902
2798,23907
2794,23912
2788,23917
2795,23922
2805,23927
2800,23932
2787,23937
2801,23942
2803,23947
2768,24074
2795,24079
2800,24084
2800,24089
2795,24094
2788,24099
2791,24104
2802,24109
2800,24114
2791,24119
2814,24124
2812,24129
2791,24134
2742,24139
2800,24144
2795,24149
2789,24276
2789,24281
2795,24286
2784,24291
2786,24296
2780,24301
2795,24306
2785,24311
2789,24316
2784,24321
2790,24326
2791,24331
2787,24336
2782,24341
2797,24346
2795,24351
2779,24478
2789,24483
2800,24488
2791,24493
2773,24498
2794,24503
2792,24508
2789,24513
2789,24518
2790,24523
2734,24528
2794,24533
2781,24538
2789,24543
2791,24548
2797,24553
2785,24558
2793,24685
2795,24690
2797,24695
2789,24700
2794,24705
2791,24710
2798,24715
2778,24720
2799,24725
2798,24730
2788,24735
2782,24740
2798,24745
2789,24750
2787,24755
2783,24760
2800,24887
2789,24892
2784,24897
2793,24902
2800,24907
2797,24912
2789,24917
2791,24922
2800,24927
2797,24932
2787,24937
2799,24942
2800,24947
2800,24952
2794,24957
2793,24962
2805,25089
2794,25094
2794,25099
2775,25104
2800,25109
2797,25114
2793,25119
2803,25124
2800,25129
2794,25134
2795,25139
2779,25144
2771,25149
2789,25154
2777,25159
2798,25164
2790,25291
2784,25296
2787,25301
2800,25306
2795,25311
2784,25316
2789,25321
2798,25326
2789,25331
2787,25336
2788,25341
2798,25346
2788,25351
2787,25356
2789,25361
2800,25366
2799,25371
2783,25498
2763,25503
2779,25508
2783,25513
2771,25518
2798,25523
2800,25528
2791,25533
2789,25538
2797,25543
2791,25548
2793,25553
2786,25558
2793,25563
2797,25568
2767,25573
2787,25700
2795,25705
2794,25710
2782,25715
2783,25720
2797,25725
2790,25730
2786,25735
2786,25740
2798,25745
2789,25750
2785,25755
2784,25760
2793,25765
2791,25770
2791,25775
2793,25902
2797,25907
2791,25912
2787,25917
2789,25922
2795,25927
2791,25932
2790,25937
2794,25942
2800,25947
2797,25952
2794,25957
2800,25962
2802,25967
2801,25972
2793,25977
2795,26104
2825,26109
2784,26114
2800,26119
2801,26124
2799,26129
2806,26134
2791,26139
2809,26144
2799,26149
2800,26154
2799,26159
2803,26164
2786,26169
2786,26174
2786,26179
2794,26184
2794,26311
2787,26316
2787,26321
2798,26326
2789,26331
2788,26336
2788,26341
2800,26346
2790,26351
2785,26356
2791,26361
2789,26366
2786,26371
2789,26376
2795,26381
2797,26386
2834,26513
2795,26518
2762,26523
2787,26528
2766,26533
2789,26538
2799,26543
2797,26548
2796,26553
2784,26558
2805,26563
2793,26568
2768,26573
2769,26578
2770,26583
2778,26588
2791,26715
2790,26720
2800,26725
2789,26730
2790,26735
2786,26740
2799,26745
2795,26750
2793,26755
2783,26760
2800,26765
2789,26770
2782,26775
2791,26780
2797,26785
2789,26790
2787,26795
2793,26922
2797,26927
2795,26932
2786,26937
2795,26942
2799,26947
2799,26952
2787,26957
2793,26962
2799,26967
2798,26972
2790,26977
2794,26982
2799,26987
2800,26992
2794,26997
2795,27124
2794,27129
2798,27134
2774,27139
2800,27144
2793,27149
2793,27154
2790,27159
2882,27164
2801,27169
2798,27174
2789,27179
2795,27184
2784,27189
2789,27194
2787,27199
2800,27326
2797,27331
2785,27336
2787,27341
2797,27346
2791,27351
2788,27356
2791,27361
2796,27366
2786,27371
2788,27376
2789,27381
2797,27386
2789,27391
2783,27396
2787,27401
2795,27528
2803,27533
2791,27538
2775,27543
2798,27548
2795,27553
2788,27558
2800,27563
2795,27568
2795,27573
2790,27578
2802,27583
2793,27588
2793,27593
2789,27598
2798,27603
2815,27608
2783,27735
2785,27740
2799,27745
2789,27750
2794,27755
2787,27760
2799,27765
2779,27770
2787,27775
2785,27780
2791,27785
2790,27790
2790,27795
2781,27800
2793,27805
2790,27810
2787,27937
2797,27942
2799,27947
2797,27952
2784,27957
2793,27962
2795,27967
2795,27972
2793,27977
2797,27982
2799,27987
2798,27992
2790,27997
2799,28002
2800,28007
2798,28012
2779,28139
2800,28144
2795,28149
2791,28154
2793,28159
2801,28164
2800,28169
2794,28174
2800,28179
2802,28184
2800,28189
2800,28194
2799,28199
2803,28204
2771,28209
2786,28214
2787,28219
2789,28347
2787,28352
2784,28357
2793,28362
2783,28367
2790,28372
2786,28377
2793,28382
2787,28387
2788,28392
2783,28397
2791,28402
2791,28407
2797,28412
2791,28417
2798,28422
2790,28550
2787,28555
2782,28560
2800,28565
2795,28570
2794,28575
2799,28580
2797,28585
2796,28590
2763,28595
2803,28600
2800,28605
2793,28610
2789,28615
2789,28620
2796,28625
2787,28753
2784,28758
2800,28763
2791,28768
2789,28773
2787,28778
2797,28783
2794,28788
2789,28793
2787,28798
2799,28803
2794,28808
2795,28813
2783,28818
2796,28823
2800,28828
2789,28833
2795,28960
2800,28965
2793,28970
2788,28975
2790,28980
2801,28985
2797,28990
2789,28995
2794,29000
2800,29005
2793,29010
2798,29015
2799,29020
2809,29025
2800,29030
2799,29035
2795,29162
2791,29167
2791,29172
2794,29177
2800,29182
2802,29187
2800,29192
2795,29197
2816,29202
2806,29207
2796,29212
2783,29217
2849,29222
2885,29227
2791,29232
2786,29237
2798,29364
2790,29369
2784,29374
2789,29379
2797,29384
2798,29389
2790,29394
2787,29399
2798,29404
2791,29409
2786,29414
2777,29419
2798,29424
2793,29429
2787,29434
2785,29439
2797,29444
2834,29571
2787,29576
2781,29581
2791,29586
2796,29591
2789,29596
2795,29601
2795,29606
2795,29611
2790,29616
2819,29621
2800,29626
2789,29631
2783,29636
2788,29641
2799,29646
2795,29773
2786,29778
2799,29783
2800,29788
2787,29793
2786,29798
2797,29803
2799,29808
2787,29813
2787,29818
2798,29823
2791,29828
2797,29833
2788,29838
2797,29843
2799,29848
2786,29975
2794,29980
2799,29985
2795,29990
2789,29995
2793,30000
2800,30005
2795,30010
2789,30015
2795,30020
2798,30025
2798,30030
2787,30035
2797,30040
2801,30045
2790,30050
2786,30177
2799,30182
2802,30187
2795,30192
2781,30197
2800,30202
2800,30207
2806,30212
2794,30217
2800,30222
2774,30227
2800,30232
2791,30237
2781,30242
2781,30247
2775,30252
2787,30257
2795,30384
2791,30389
2790,30394
2799,30399
2794,30404
2784,30409
2789,30414
2790,30419
2794,30424
2787,30429
2793,30434
2800,30439
2791,30444
2789,30449
2795,30454
2800,30459
2800,30586
2755,30591
2781,30596
2790,30601
2785,30606
2789,30611
2794,30616
2834,30621
2791,30626
2787,30631
2822,30636
2800,30641
2786,30646
2790,30651
2795,30656
2800,30661
2789,30788
2786,30793
2800,30798
2788,30803
2789,30808
2793,30813
2789,30818
2790,30823
2787,30828
2785,30833
2794,30838
2795,30843
2790,30848
2787,30853
2791,30858
2791,30863
2794,30868
2795,30995
2797,31000
2795,31005
2785,31010
2790,31015
2800,31020
2787,31025
2789,31030
2793,31035
2797,31040
2791,31045
2796,31050
2794,31055
2800,31060
2796,31065
2798,31070
2782,31197
2790,31202
2800,31207
2797,31212
2759,31217
2813,31222
2796,31227
2791,31232
2794,31237
2803,31242
2802,31247
2783,31252
2782,31257
2784,31262
2788,31267
2800,31272
2794,31399
2795,31404
2787,31409
2786,31414
2787,31419
2801,31424
2787,31429
2789,31434
2790,31439
2797,31444
2796,31449
2789,31454
2788,31459
2794,31464
2786,31469
2791,31474
2805,31601
2811,31606
2766,31611
2768,31616
2770,31621
2793,31626
2793,31631
2791,31636
2799,31641
2787,31646
2795,31651
2779,31656
2790,31661
2791,31666
2790,31671
2794,31676
2800,31681
2789,31808
2785,31813
2795,31818
2798,31823
2789,31828
2785,31833
2797,31838
2795,31843
2785,31848
2786,31853
2799,31858
2791,31863
2788,31868
2786,31873
2791,31878
2795,31883
2789,32010
2793,32015
2800,32020
2787,32025
2793,32030
2798,32035
2800,32040
2794,32045
2789,32050
2798,32055
2797,32060
2794,32065
2789,32070
2797,32075
2799,32080
2798,32085
2791,32212
2791,32217
2786,32222
2793,32227
2793,32232
2809,32237
2803,32242
2793,32247
2789,32252
2795,32257
2800,32262
2800,32267
2795,32272
2801,32277
2707,32282
2755,32287
2783,32414
2797,32419
2787,32424
2789,32429
2789,32434
2799,32439
2789,32444
2787,32449
2797,32454
2797,32459
2786,32464
2789,32469
2786,32474
2794,32479
2790,32484
2789,32489
2786,32494
2747,32621
2781,32626
2787,32631
2783,32636
2794,32641
2755,32646
2791,32651
2791,32656
2787,32661
2789,32666
2789,32671
2799,32676
2799,32681
2785,32686
2755,32691
2789,32696
2793,32823
2774,32828
2795,32833
2795,32838
2790,32843
2789,32848
2788,32853
2794,32858
2791,32863
2791,32868
2791,32873
2794,32878
2795,32883
2783,32888
2791,32893
2797,32898
2797,33025
2797,33030
2796,33035
2801,33040
